Input_Read_Pairs	Surviving_Reads	Surviving_Read_Percent	Dropped_Reads	Dropped_Read_Percent
SRR10919114	 5516498	 5452175	 98,83	 64323	 1,17
SRR10919115	 6120789	 6057528	 98,97	 63261	 1,03
SRR10919116	 3378971	 3344571	 98,98	 34400	 1,02
SRR10919117	 2273979	 2247402	 98,83	 26577	 1,17
SRR10919118	 10726361	 10611565	 98,93	 114796	 1,07
SRR10919119	 8582363	 8458348	 98,56	 124015	 1,44
SRR10919120	 6542991	 6439629	 98,42	 103362	 1,58
SRR10919121	 6058564	 5978463	 98,68	 80101	 1,32
SRR10919122	 5764134	 5702548	 98,93	 61586	 1,07
SRR10919123	 6889515	 6808989	 98,83	 80526	 1,17
SRR10919124	 5613741	 5549479	 98,86	 64262	 1,14
SRR10919125	 4879517	 4826841	 98,92	 52676	 1,08
SRR10919126	 6414481	 6345828	 98,93	 68653	 1,07
SRR10919127	 4908045	 4849219	 98,80	 58826	 1,20
SRR10919128	 8783612	 8670427	 98,71	 113185	 1,29
SRR10919129	 11357571	 11214010	 98,74	 143561	 1,26
SRR10919130	 6172112	 6029847	 97,70	 142265	 2,30
SRR10919131	 6012678	 5948726	 98,94	 63952	 1,06
SRR10919132	 5066320	 5010211	 98,89	 56109	 1,11
SRR10919133	 6976190	 6845699	 98,13	 130491	 1,87
