Input_Read_Pairs	Pairs_Reads	Pairs_Read_Percent	Forward_Only_Surviving_Reads	Forward_Only_Surviving_Read_Percent	Reverse_Only_Surviving_Reads	Reverse_Only_Surviving_Read_Percent	Dropped_Reads	Dropped_Read_Percent
SRR9089683	 14949362	 10074941	 67,39	 2966589	 19,84	 649059	 4,34	 1258773	 8,42
SRR9089684	 15255321	 10120847	 66,34	 3124122	 20,48	 677091	 4,44	 1333261	 8,74
SRR9089685	 11839032	 7828360	 66,12	 2389625	 20,18	 562014	 4,75	 1059033	 8,95
SRR9089686	 2402000	 1729781	 72,01	 382626	 15,93	 115804	 4,82	 173789	 7,24
SRR9089687	 10917705	 7378567	 67,58	 2172670	 19,90	 458977	 4,20	 907491	 8,31
SRR9089688	 14216808	 9539885	 67,10	 2859728	 20,12	 610568	 4,29	 1206627	 8,49
SRR9089689	 15285111	 10089879	 66,01	 3176295	 20,78	 666385	 4,36	 1352552	 8,85
SRR9089690	 760000	 541873	 71,30	 120961	 15,92	 36636	 4,82	 60530	 7,96
SRR9089691	 10960000	 7308041	 66,68	 2186235	 19,95	 494829	 4,51	 970895	 8,86
SRR9089692	 13794173	 9149298	 66,33	 2907743	 21,08	 566196	 4,10	 1170936	 8,49
SRR9089693	 14164193	 9497733	 67,05	 2820739	 19,91	 635660	 4,49	 1210061	 8,54
SRR9089694	 11903946	 7976234	 67,00	 2350947	 19,75	 544548	 4,57	 1032217	 8,67
